  -83    0   25  107  -46   68   42   62   28 -126   82  112  122   10   42   10
  -16  110   37 -118  111    3   17  -52  -36  -93  102   74   72   -9   64   80
  -19  124   98   -9 -114  123 -119   70  -90  -21  -27   50  -58  -20 -113    4
   -9   92  113  -37   57   69 -128   49   57  -72  -16 -128   74  -29  -13  -60
   41   45  -68    5  -43  -89   55  116  -84   51  -49  -24   84   23   31    1
   50   12   28   82 -116  -96 -123  -77 -112   99    5  -69  -39  -77 -124   82
   -9  -52   15   87   14  -88 -114   -3  -10    7 -119   88  -53  -34  -26   12
  -96 -118  100   12  -83   51  105   87 -117   42   90    8 -113 -114  -70   83
  -42   97  119  -99   24 -124  -10    0   -9   29 -107 -124  -89  -30   48   26
   63   49  -90   22   -4   81
